0.524708 0.595561 0.271463
0.634539 0.810390 0.597492
0.173873 0.241908 0.681074
0.962069 0.682186 0.561627
0.309539 0.734231 0.631033
0.643307 0.091421 0.472386
0.817407 0.657398 0.360481
0.836124 0.711013 0.286173
0.884673 0.468388 0.193840
0.488274 0.169297 0.039449
0.599120 0.890072 0.253049
0.018755 0.933385 0.298027
0.805971 0.010475 0.403321
0.847795 0.442974 0.414844
0.636428 0.226119 0.571373
0.132730 0.341505 0.339128
0.215804 0.191334 0.447563
0.110626 0.265360 0.719106
0.925508 0.769639 0.749344
0.095635 0.246865 0.488057
0.652117 0.223211 0.453861
0.826830 0.237877 0.671703
0.293783 0.133577 0.085149
0.105851 0.670919 0.619509
0.364516 0.081623 0.933290
0.395209 0.325090 0.469310
0.827875 0.046420 0.127657
0.365689 0.068342 0.418661
0.871513 0.860275 0.212893
0.727536 0.559599 0.000958
0.327095 0.944166 0.727932
0.265559 0.304647 0.695178
0.972664 0.171070 0.981351
0.074921 0.270108 0.802986
0.262268 0.029115 0.401955
0.492028 0.662515 0.071982
0.513730 0.333671 0.508433
0.915278 0.597632 0.252296
0.884177 0.123936 0.839125
0.231494 0.641590 0.075937
0.817275 0.175325 0.765323
0.643537 0.380633 0.499467
0.813196 0.210954 0.885985
0.330308 0.815897 0.138080
0.319051 0.653753 0.320965
0.498723 0.969310 0.253561
0.063819 0.475106 0.193192
0.863328 0.568166 0.230548
0.485224 0.183139 0.681980
0.121562 0.771602 0.021305
0.311861 0.047723 0.892970
0.050251 0.096346 0.369694
0.522679 0.909288 0.781844
0.168878 0.022384 0.853342
0.566075 0.145627 0.444425
0.481789 0.656851 0.982263
0.198617 0.225876 0.317944
0.179911 0.969259 0.617998
0.728858 0.356775 0.777208
0.939013 0.241062 0.299187
0.067388 0.949779 0.185740
0.492304 0.356074 0.996479
0.864224 0.839420 0.745893
0.898207 0.811888 0.308560
0.242569 0.369828 0.366427
0.751012 0.809716 0.286658
0.076720 0.166180 0.204575
0.410575 0.372059 0.674016
0.598269 0.743467 0.435366
0.294728 0.984162 0.302570
0.532966 0.468832 0.663405
0.642988 0.731663 0.679844
0.912416 0.835814 0.404021
0.208700 0.251480 0.736773
0.034302 0.228379 0.830036
0.333599 0.928649 0.896683
0.288493 0.151317 0.199616
0.686606 0.025429 0.084033
0.637655 0.797970 0.083597
0.050936 0.074215 0.831147
0.913599 0.621548 0.804721
0.319091 0.543300 0.963719
0.635037 0.536206 0.074787
0.196511 0.295329 0.084540
0.241806 0.629381 0.863405
0.747348 0.769739 0.080674
0.379032 0.414377 0.598383
0.469123 0.759968 0.984862
0.350362 0.902099 0.285272
0.905908 0.468047 0.591746
0.538053 0.097247 0.472573
0.861088 0.971001 0.505076
0.443463 0.021352 0.197148
0.054939 0.575268 0.009437
0.590842 0.158610 0.725764
0.399451 0.754422 0.370956
0.134885 0.336242 0.564043
0.730673 0.580023 0.670688
0.551907 0.045500 0.544939
0.434116 0.630177 0.556314
0.878666 0.261503 0.607406
0.653545 0.194695 0.572827
0.021809 0.629035 0.428943
0.863825 0.868209 0.108808
0.878062 0.088880 0.641160
0.812685 0.069986 0.091265
0.747002 0.982228 0.119729
0.564254 0.515012 0.768520
0.120218 0.276426 0.987216
0.850074 0.819470 0.285106
0.778910 0.070680 0.446784
0.031570 0.510738 0.465009
0.151124 0.937945 0.232828
0.245452 0.856128 0.541281
0.736840 0.029609 0.388478
0.338552 0.493918 0.958591
0.362403 0.455556 0.159131
0.776290 0.544036 0.041454
0.223709 0.256504 0.567108
0.380693 0.359956 0.556877
0.447643 0.165390 0.619931
0.421208 0.984454 0.304502
0.752350 0.281197 0.028379
0.132895 0.447581 0.936321
0.269000 0.242643 0.111975
0.013831 0.861618 0.098411
0.162557 0.775616 0.203333
0.920505 0.917877 0.414009
0.942553 0.642052 0.709445
0.584550 0.411787 0.656235
0.620095 0.162840 0.169505
0.716248 0.679031 0.052965
0.429076 0.646037 0.319362
0.515329 0.324327 0.175367
0.182232 0.523991 0.413166
0.654089 0.895858 0.567270
0.764028 0.431964 0.974564
0.976591 0.825658 0.858728
0.479025 0.842445 0.403863
0.548416 0.040353 0.876531
0.576828 0.873762 0.273799
0.481610 0.763025 0.062836
0.354931 0.372124 0.644637
0.233018 0.723894 0.890317
0.287446 0.061578 0.586707
0.356510 0.911605 0.725524
0.053919 0.905283 0.738019
0.798707 0.518297 0.259003
0.599384 0.848867 0.587524
0.030294 0.465823 0.421865
0.621737 0.446734 0.908351
0.528252 0.078035 0.072087
0.599989 0.683574 0.000108
0.222565 0.455521 0.995043
0.455537 0.405461 0.574334
0.778750 0.664919 0.826005
0.066054 0.471984 0.785247
0.052682 0.339321 0.620509
0.676389 0.763738 0.853519
0.009604 0.544243 0.699586
0.848134 0.523835 0.389924
0.425722 0.711744 0.327763
0.620739 0.096119 0.596072
0.064238 0.521324 0.159628
0.342158 0.775760 0.728334
0.425764 0.916672 0.373154
0.944798 0.100526 0.413941
0.222966 0.066176 0.675833
0.038367 0.053430 0.642957
0.445735 0.336146 0.739743
0.526818 0.519873 0.294240
0.247311 0.087498 0.213612
0.467725 0.534233 0.020963
0.124379 0.144986 0.767863
0.824667 0.844282 0.270396
0.662636 0.275739 0.827443
0.281206 0.826479 0.120338
0.078850 0.745513 0.028029
0.895580 0.481304 0.696156
0.809802 0.056936 0.000840
0.447668 0.393545 0.413219
0.525082 0.319072 0.306694
0.750006 0.015873 0.252615
0.979804 0.980222 0.329505
0.848502 0.844330 0.774164
0.018885 0.853705 0.505216
0.084412 0.701416 0.578398
0.337582 0.082384 0.999760
0.036791 0.345025 0.726467
0.007094 0.662137 0.627317
0.463070 0.562910 0.711599
0.227981 0.749261 0.848985
0.207805 0.206414 0.938818
0.519719 0.562057 0.617313
0.310335 0.629489 0.311046
0.626927 0.633394 0.122617
0.816451 0.239361 0.206508
0.469980 0.951400 0.826276
0.976147 0.246204 0.267866
0.751369 0.673815 0.751931
